38,52
38,51
38,50
38,49
38,48
38,47
38,46
38,45
38,44
38,43
38,42
38,41
38,40
38,39
38,38
38,37
38,36
38,35
0,273
0,270
3,2
3,1
3,3
10,304
10,264
10,257
10,300
10,196
10,249
10,5
10,180
11,28
11,15
11,29
8,16
8,7
8,4
8,8
8,5
8,2
8,3
35,4
35,3
35,2
35,1
35,0
34,5
34,4
34,3
34,2
34,1
34,0
30,5
30,4
30,3
30,2
30,1
20,3
20,2
20,1
19,2
12,3
19,1
12,2
19,3
12,1
11,27
11,26
11,25
11,23
11,22
11,20
11,19
11,16
11,10
11,9
11,8
11,3
11,2
11,1
10,280
10,266
10,252
10,239
10,232
10,216
10,209
10,168
10,157
10,119
10,116
10,83
18,1
10,69
10,35
10,22
18,3
10,14
